  16.90800  191.67000
  16.90800  127.78000
  16.90800   63.89000
 -16.90800  191.67000
 -16.90800  127.78000
 -16.90800   63.89000
  50.72400  159.72500
  50.72400   95.83500
  84.54000  159.72500
  84.54000   95.83500
 118.35600  127.78000
 152.17200   95.83500
 -50.72400  159.72500
 -50.72400   95.83500
 -84.54000  159.72500
 -84.54000   95.83500
-118.35600  127.78000
-152.17200   95.83500
  50.72400   31.94500
  50.72400  -31.94500
  50.72400  -95.83500
  50.72400 -159.72500
  84.54000  -95.83500
  84.54000 -159.72500
  84.54000   31.94500
  84.54000  -31.94500
 118.35600   63.89000
 118.35600    0.00000
 118.35600  -63.89000
 118.35600 -127.78000
 152.17200   31.94500
 152.17200  -31.94500
 152.17200  -95.83500
 185.98800   63.89000
 185.98800    0.00000
 185.98800  -63.89000
 -16.90800    0.00000
 -16.90800  -63.89000
 -16.90800 -127.78000
 -16.90800 -191.67000
  16.90800    0.00000
  16.90800  -63.89000
  16.90800 -127.78000
  16.90800 -191.67000
 -50.72400   31.94500
 -50.72400  -31.94500
 -50.72400  -95.83500
 -50.72400 -159.72500
 -84.54000  -95.83500
 -84.54000 -159.72500
 -84.54000   31.94500
 -84.54000  -31.94500
-118.35600   63.89000
-118.35600    0.00000
-118.35600  -63.89000
-118.35600 -127.78000
-152.17200   31.94500
-152.17200  -31.94500
-152.17200  -95.83500
-185.98800   63.89000
-185.98800    0.00000
-185.98800  -63.89000
